8 4
3 2
3 2 100
3 30
20
5 3 2 4 7 5 6 8
12
200
Q OVC 3 1 3 119 31
Q OT 5 2 5 163
Q OVG 7 3 6 146 46
Q OVG 9 4 10 225 36
Q OVC 10 5 9 160 37
Q OVN 11 6 5 67 44
Q OVC 12 7 1 271 6
Q ODN 14 8 5 210 6 30 Y
Q OVN 16 9 6 298 48
Q ODN 16 10 7 189 3 37 N
Q OVN 17 11 6 125 38
Q ODG 19 12 10 130 3 16 N
Q OVN 21 13 6 293 36
Q OVC 22 14 5 244 13
Q OVN 22 15 5 165 8
Q OVG 23 16 4 87 7
Q ODN 24 17 3 108 6 14 Y
Q OVC 24 18 4 150 21
Q COMBO 26 19 9 219 41 4 3 1 1
Q OT 27 20 9 226
Q ODN 27 21 10 225 5 35 N
Q ODG 27 22 5 107 7 33 Y
Q ODN 29 23 3 263 2 16 N
Q OVN 30 24 4 142 35
Q OVG 32 25 10 162 9
Q OVG 32 26 10 89 38
Q OVN 34 27 7 278 44
Q OVN 34 28 9 63 18
Q OVG 35 29 1 289 43
Q COMBO 35 30 1 122 23 4 3 1 1
Q ODG 36 31 6 135 8 24 Y
Q COMBO 36 32 6 60 5 5 1 4 2
Q OVC 38 33 10 247 19
Q OVG 40 34 2 59 21
Q ODN 41 35 10 174 5 18 Y
Q ODN 41 36 5 101 7 35 Y
Q OVN 41 37 8 204 34
Q OVG 42 38 4 201 29
Q OVN 42 39 4 225 24
Q ODN 44 40 7 90 2 25 Y
Q ODN 45 41 5 87 5 35 N
Q ODG 45 42 9 292 2 14 N
Q ODN 47 43 1 300 6 15 Y
Q OVC 47 44 10 90 41
Q COMBO 49 45 9 134 16 2 1 1 3
Q OT 49 46 1 243
Q ODG 49 47 5 138 6 22 Y
Q OT 49 48 7 278
Q ODN 50 49 10 127 7 17 N
Q OVN 52 50 8 228 48
Q ODN 53 51 5 233 7 22 Y
Q OVN 55 52 3 286 17
Q ODN 57 53 6 223 6 32 Y
Q OVC 58 54 8 182 49
Q OVG 58 55 9 261 46
Q OVN 58 56 6 85 14
Q OT 58 57 2 60
Q ODN 60 58 10 180 8 11 N
Q OVN 62 59 10 154 27
Q ODN 63 60 7 287 1 25 Y
Q OVN 63 61 2 282 42
Q OVN 63 62 1 180 23
Q COMBO 63 63 9 134 16 3 2 1 3
Q ODN 64 64 1 253 6 30 N
Q ODN 65 65 10 270 5 12 N
Q ODN 66 66 1 240 3 36 N
Q ODN 66 67 5 254 1 36 N
Q OVN 66 68 8 65 8
Q OT 67 69 1 294
Q OVN 69 70 8 111 10
Q ODN 70 71 9 188 5 20 N
Q OVC 71 72 3 76 29
Q OVN 73 73 1 59 39
Q OVC 73 74 5 229 43
Q ODG 73 75 2 118 2 21 Y
Q OT 75 76 4 233
Q OVG 76 77 10 105 26
Q OVG 78 78 2 221 36
Q OVG 79 79 2 221 49
Q OVN 80 80 9 109 48
Q COMBO 80 81 1 203 28 3 2 1 2
Q OT 81 82 10 255
Q OVC 82 83 3 59 28
Q OVG 84 84 1 165 19
Q COMBO 85 85 8 207 15 3 1 2 1
Q ODG 85 86 2 173 5 10 Y
Q OT 87 87 5 141
Q COMBO 89 88 8 245 34 3 2 1 2
Q OVN 90 89 2 76 15
Q OVN 90 90 4 134 38
Q OT 91 91 3 75
Q OVC 91 92 9 233 16
Q OVC 91 93 6 208 16
Q OVG 93 94 3 161 32
Q ODN 93 95 5 219 3 20 Y
Q OVG 93 96 4 175 23
Q OVG 93 97 5 202 9
Q OVC 95 98 6 74 33
Q OVG 97 99 2 138 46
Q OVN 97 100 3 55 33
Q OVG 97 101 1 83 38
Q OVG 98 102 4 298 33
Q OVC 98 103 7 203 46
Q OT 98 104 10 295
Q ODG 99 105 5 165 3 39 Y
Q OT 99 106 1 203
Q OT 99 107 7 167
Q OVG 100 108 3 187 42
Q ODG 101 109 2 86 7 31 Y
Q ODG 103 110 7 134 2 14 N
Q COMBO 104 111 4 97 44 4 2 2 2
Q ODG 105 112 9 159 2 28 N
Q OVN 107 113 1 223 24
Q ODG 107 114 5 99 5 13 Y
Q COMBO 109 115 9 192 42 5 2 3 1
Q OVC 111 116 9 196 11
Q ODG 113 117 9 282 5 39 N
Q ODG 115 118 3 130 8 10 N
Q OT 116 119 10 166
Q OVG 118 120 1 181 35
Q OVC 118 121 4 98 44
Q OVC 120 122 3 53 8
Q OVN 121 123 9 75 28
Q OVN 123 124 5 143 42
Q OVN 125 125 9 189 21
Q OVC 125 126 10 299 50
Q OVC 125 127 2 72 38
Q OVC 127 128 7 261 29
Q COMBO 129 129 8 77 25 3 1 2 2
Q OVN 131 130 10 275 26
Q OVC 131 131 2 185 34
Q ODN 131 132 1 249 4 17 Y
Q ODN 133 133 9 115 1 31 N
Q OVG 134 134 5 109 37
Q ODN 134 135 10 220 3 26 Y
Q ODN 134 136 3 238 6 18 Y
Q OT 134 137 1 224
Q ODG 134 138 2 94 1 11 N
Q OVG 135 139 4 147 22
Q OVG 137 140 2 291 12
Q COMBO 138 141 8 275 37 2 1 1 2
Q COMBO 140 142 2 168 32 4 2 2 1
Q OVC 140 143 10 74 7
Q OVC 141 144 4 123 27
Q ODN 142 145 7 90 7 29 N
Q COMBO 144 146 5 294 44 3 2 1 2
Q OVC 144 147 9 135 43
Q COMBO 145 148 8 297 22 2 1 1 2
Q ODN 145 149 8 201 1 38 Y
Q OVG 146 150 4 91 28
Q OVG 146 151 3 113 17
Q OVC 148 152 1 159 24
Q OT 150 153 1 292
Q OVN 151 154 7 160 40
Q ODN 151 155 10 127 7 36 Y
Q OVG 151 156 7 155 46
Q ODN 153 157 3 159 5 29 N
Q COMBO 155 158 10 135 18 3 1 2 1
Q OVC 157 159 9 214 30
Q COMBO 158 160 6 288 45 5 3 2 3
Q OVN 158 161 4 76 21
Q ODG 159 162 4 185 2 36 Y
Q OVG 159 163 3 67 41
Q OVN 160 164 1 50 16
Q ODN 161 165 7 136 5 18 N
Q OT 161 166 5 283
Q OVC 162 167 1 100 21
Q OVG 163 168 6 161 42
Q OVN 165 169 7 124 48
Q COMBO 166 170 9 96 43 2 1 1 3
Q OVN 166 171 2 212 21
Q OVC 167 172 5 108 37
Q ODN 168 173 3 95 7 27 Y
Q OVN 168 174 9 260 46
Q OVN 170 175 8 110 30
Q ODN 170 176 7 240 1 40 Y
Q OVC 170 177 2 168 31
Q OVN 170 178 7 89 14
Q OVN 170 179 10 249 44
Q ODN 170 180 10 117 7 37 N
Q COMBO 170 181 4 108 14 2 1 1 1
Q OT 171 182 7 78
Q OVN 172 183 10 192 13
Q ODN 173 184 1 268 3 16 Y
Q ODN 173 185 1 164 1 23 Y
Q ODN 175 186 4 57 2 35 Y
Q ODN 177 187 7 188 1 18 Y
Q OVN 179 188 5 300 20
Q ODG 180 189 4 234 5 32 Y
Q ODG 182 190 10 205 6 13 Y
Q ODG 184 191 2 237 8 26 N
Q ODN 186 192 3 132 5 21 Y
Q OVN 188 193 10 125 36
Q ODG 189 194 8 267 8 14 N
Q ODN 190 195 10 187 3 25 N
Q OT 190 196 6 234
Q COMBO 192 197 5 185 38 5 4 1 1
Q OVG 194 198 5 133 32
Q OT 195 199 5 209
Q ODN 196 200 4 271 2 11 N