8 4
3 2
4 0 150
8 23
20
5 3 2 4 7 5 6 8
5
100
Q ODG 2 1 9 63 7 35 N
Q OVN 3 2 10 109 12
Q ODN 3 3 5 109 4 21 Y
Q COMBO 4 4 1 165 17 4 2 2 2
Q COMBO 6 5 8 114 37 4 2 2 3
Q OVG 7 6 9 77 48
Q OVG 9 7 3 192 33
Q OVG 11 8 7 221 7
Q OVC 13 9 5 287 45
Q ODN 13 10 8 175 8 39 Y
Q OVG 13 11 8 227 37
Q OVG 13 12 10 145 46
Q OVG 14 13 1 93 31
Q COMBO 14 14 4 256 30 4 3 1 1
Q ODN 16 15 4 144 8 39 N
Q OVG 18 16 8 111 17
Q OT 18 17 9 209
Q OVN 18 18 1 290 49
Q OVG 20 19 8 281 23
Q OVG 22 20 3 267 44
Q OVG 23 21 1 224 19
Q OVG 24 22 6 112 26
Q OVG 24 23 7 144 47
Q OVG 24 24 7 223 36
Q OVG 26 25 3 275 34
Q OT 26 26 1 182
Q OVN 28 27 3 93 42
Q OVC 29 28 2 77 13
Q OVG 30 29 2 146 16
Q OVG 30 30 4 59 9
Q OVG 30 31 7 274 36
Q OT 32 32 5 280
Q OVG 32 33 8 88 5
Q OVG 33 34 8 277 32
Q OVN 34 35 7 233 46
Q OVG 36 36 6 189 30
Q OVG 37 37 3 293 38
Q OVN 39 38 9 68 19
Q OVG 41 39 6 157 7
Q OVG 41 40 2 156 20
Q OVG 41 41 6 271 41
Q OVC 42 42 6 52 33
Q OVG 44 43 2 63 50
Q ODG 45 44 2 94 8 19 N
Q ODN 45 45 2 290 5 37 Y
Q OVG 47 46 3 70 28
Q OVN 49 47 1 147 20
Q OVG 49 48 7 117 50
Q ODN 49 49 10 133 2 40 Y
Q OVC 50 50 9 102 21
Q OVN 50 51 10 206 24
Q OVG 50 52 2 87 47
Q OVG 51 53 1 292 49
Q OVG 53 54 9 84 40
Q OVN 54 55 7 97 14
Q OVG 54 56 2 84 19
Q OVG 54 57 5 54 44
Q OVG 56 58 8 136 46
Q ODN 58 59 6 231 3 29 N
Q ODG 59 60 9 96 3 40 Y
Q OVG 59 61 8 201 14
Q OVG 61 62 1 249 17
Q OVG 61 63 2 191 14
Q OVG 61 64 6 153 25
Q OVG 63 65 3 104 15
Q OVG 63 66 1 129 39
Q OVG 63 67 1 213 27
Q ODN 63 68 4 157 1 32 N
Q OVG 63 69 5 233 13
Q OVG 63 70 4 63 32
Q OVG 64 71 7 257 9
Q OVG 65 72 9 102 17
Q OVN 67 73 3 57 23
Q COMBO 68 74 6 64 6 3 1 2 3
Q OVG 70 75 7 91 24
Q OVG 71 76 2 173 23
Q OVC 71 77 6 169 7
Q ODG 72 78 8 271 7 32 Y
Q OVG 74 79 3 100 19
Q OVG 76 80 4 272 40
Q ODN 76 81 9 96 6 31 N
Q COMBO 78 82 7 71 23 3 2 1 1
Q ODG 79 83 9 232 3 13 N
Q OT 79 84 8 256
Q OVG 81 85 5 146 12
Q OVG 82 86 5 84 5
Q ODN 84 87 10 246 6 17 N
Q OVG 85 88 3 138 30
Q OVG 85 89 1 296 20
Q OVG 87 90 5 119 25
Q ODN 89 91 7 105 2 20 Y
Q OVG 91 92 8 115 46
Q OVG 91 93 2 72 18
Q OVG 93 94 3 112 48
Q OVN 94 95 9 257 40
Q OVG 94 96 6 185 21
Q OVG 95 97 8 170 9
Q OT 95 98 2 78
Q OVG 95 99 1 123 42
Q OVG 97 100 8 225 7