5 3
4 5
10 100
5 15
5
2 4 3 6
15
50
Q ODG 1 1 5 150 2 15 Y
Q OVN 2 2 4 100 1200
Q OVC 3 3 6 120 800
Q ODN 4 4 3 80 4 20 N
Q OT 5 5 2 50
Q OVG 6 6 8 200 2500
Q ODG 7 7 4 130 2 15 Y
Q OVC 8 8 5 90 1000
Q ODN 9 9 2 60 2 10 Y
Q OT 10 10 3 70
Q OVN 11 11 6 150 1800
Q OVG 12 12 7 250 3000
Q ODG 13 13 5 140 3 25 Y
Q OVC 14 14 4 100 1500
Q ODN 15 15 8 300 5 30 N
Q OT 16 16 1 20
Q OVN 17 17 3 80 500
Q OVG 18 18 5 180 2000
Q ODG 19 19 6 160 4 20 Y
Q OVC 20 20 2 60 400
Q ODN 21 21 4 120 2 15 Y
Q OT 22 22 5 100
Q OVN 23 23 7 190 2200
Q OVG 24 24 9 320 4000
Q ODG 25 25 3 110 2 10 N
Q OVC 26 26 5 130 1100
Q ODN 27 27 6 170 3 25 Y
Q OT 28 28 2 40
Q OVN 29 29 4 110 1300
Q OVG 30 30 6 210 2800
Q ODG 31 31 8 220 5 30 Y
Q OVC 32 32 3 70 600
Q ODN 33 33 5 140 2 20 N
Q OT 34 34 4 90
Q OVN 35 35 8 240 3500
Q OVG 36 36 4 150 1700
Q ODG 37 37 7 190 4 25 Y
Q OVC 38 38 6 160 1400
Q ODN 39 39 3 90 2 15 Y
Q OT 40 40 2 50
Q OVN 41 41 5 130 1600
Q OVG 42 42 8 290 3800
Q ODG 43 43 4 120 3 20 N
Q OVC 44 44 7 180 1900
Q ODN 45 45 6 160 4 25 Y
Q OT 46 46 3 80
Q OVN 47 47 4 100 1100
Q OVG 48 48 5 170 2100
Q ODG 49 49 2 80 1 10 Y
Q OVC 50 50 5 140 1200