8 4
3 2
5 5 150
8 23
20
5 3 2 4 7 5 6 8
12
50
Q OVN 1 1 7 93 23
Q OT 1 2 10 162
Q OVN 3 3 10 242 11
Q OVG 4 4 10 236 43
Q OT 4 5 4 154
Q OVC 4 6 8 113 30
Q ODG 6 7 8 235 1 30 Y
Q OT 7 8 7 87
Q OT 8 9 10 187
Q OVG 8 10 7 254 16
Q COMBO 10 11 2 265 50 2 1 1 3
Q OVN 11 12 7 287 8
Q COMBO 13 13 1 191 15 4 1 3 1
Q COMBO 15 14 5 281 41 3 2 1 2
Q ODG 17 15 8 159 8 11 Y
Q COMBO 17 16 9 253 36 2 1 1 2
Q COMBO 17 17 5 289 19 3 2 1 1
Q COMBO 17 18 9 106 43 2 1 1 3
Q OVG 19 19 4 289 11
Q COMBO 19 20 8 233 25 2 1 1 3
Q ODN 21 21 8 101 8 35 N
Q OVG 22 22 3 289 27
Q COMBO 23 23 3 277 25 5 1 4 2
Q COMBO 24 24 7 110 13 2 1 1 1
Q COMBO 24 25 5 54 40 3 2 1 2
Q OVG 24 26 6 66 43
Q COMBO 25 27 3 229 28 5 3 2 2
Q ODN 26 28 9 153 4 17 N
Q ODG 28 29 8 150 3 39 Y
Q OVC 28 30 2 89 40
Q COMBO 30 31 10 299 48 3 1 2 3
Q COMBO 30 32 2 176 38 5 1 4 1
Q ODG 30 33 6 279 4 40 Y
Q COMBO 30 34 3 281 37 2 1 1 2
Q COMBO 32 35 2 297 17 2 1 1 3
Q COMBO 33 36 8 170 12 2 1 1 3
Q OVC 33 37 7 134 5
Q OVC 34 38 5 169 47
Q ODN 35 39 4 102 1 26 Y
Q COMBO 35 40 2 280 42 5 2 3 1
Q COMBO 35 41 3 248 28 5 2 3 3
Q OVN 37 42 7 101 30
Q ODG 39 43 8 100 7 22 N
Q OVC 41 44 6 192 50
Q ODN 43 45 2 70 3 25 N
Q OVN 43 46 2 62 14
Q COMBO 43 47 6 182 43 2 1 1 2
Q ODN 45 48 9 84 8 11 N
Q OT 47 49 7 120
Q COMBO 47 50 9 266 50 3 2 1 1