8 4
3 2
5 5 150
8 23
20
5 3 2 4 7 5 6 8
12
300
Q COMBO 1 801 20 600 30 3 2 1 2
Q OVC 1 301 10 200 1000
Q ODG 1 501 15 110 4 14 Y
Q OT 1 701 10 50
Q OVN 1 201 10 100 1500
Q COMBO 2 802 20 600 30 3 2 1 2
Q OVC 2 302 10 200 1000
Q ODN 2 602 21 300 8 30 N
Q OVG 2 402 15 150 2000
Q OT 2 901 10 50
Q COMBO 3 803 20 600 30 3 2 1 2
Q OVC 3 303 10 200 10
Q ODG 3 503 15 110 4 14 Y
Q OT 3 703 10 50
Q ODG 3 902 10 50 2 10 Y
Q COMBO 4 804 20 600 30 3 2 1 2
Q OVC 4 304 10 200 10
Q ODN 4 604 21 300 8 30 N
Q OVG 4 404 15 150 20
Q OVN 4 903 5 20 500
Q COMBO 5 805 20 600 30 3 2 1 2
Q OVC 5 305 10 200 10
Q ODG 5 505 15 110 4 14 Y
Q OT 5 705 10 50
Q OVG 5 904 10 100 500
Q COMBO 6 806 20 600 30 3 2 1 2
Q OVC 6 306 10 200 10
Q ODN 6 606 21 300 8 30 N
Q OVG 6 406 15 150 20
Q ODN 6 905 10 100 2 10 N
Q COMBO 7 807 20 600 30 3 2 1 2
Q OVC 7 307 10 200 10
Q ODG 7 507 15 110 4 14 Y
Q OT 7 707 10 50
Q COMBO 7 906 20 600 30 3 2 1 2
Q COMBO 8 808 20 600 30 3 2 1 2
Q OVC 8 308 10 200 10
Q ODN 8 608 21 300 8 30 N
Q OVG 8 408 15 150 20
Q OVC 8 907 10 200 1000
Q COMBO 9 809 20 600 30 3 2 1 2
Q OVC 9 309 10 200 10
Q ODG 9 509 15 110 4 14 Y
Q OT 9 709 10 50
Q OT 9 908 10 50
Q COMBO 10 810 20 600 30 3 2 1 2
Q OVC 10 310 10 200 10
Q ODN 10 610 21 300 8 30 N
Q OVG 10 410 15 150 20
Q OVN 10 909 10 100 1500
Q COMBO 11 811 20 600 30 3 2 1 2
Q OVC 11 311 10 200 10
Q ODG 11 511 15 110 4 14 Y
Q OT 11 711 10 50
X 11 310
Q COMBO 12 812 20 600 30 3 2 1 2
Q OVC 12 312 10 200 10
Q ODN 12 612 21 300 8 30 N
Q OVG 12 412 15 150 20
X 12 311
Q COMBO 13 813 20 600 30 3 2 1 2
Q OVC 13 313 10 200 10
Q ODG 13 513 15 110 4 14 Y
Q OT 13 713 10 50
X 13 312
Q COMBO 14 814 20 600 30 3 2 1 2
Q OVC 14 314 10 200 10
Q ODN 14 614 21 300 8 30 N
Q OVG 14 414 15 150 20
X 14 313
Q COMBO 15 815 20 600 30 3 2 1 2
Q OVC 15 315 10 200 10
Q ODG 15 515 15 110 4 14 Y
Q OT 15 715 10 50
X 15 314
Q COMBO 16 816 20 600 30 3 2 1 2
Q OVC 16 316 10 200 10
Q ODN 16 616 21 300 8 30 N
Q OVG 16 416 15 150 20
X 16 315
Q COMBO 17 817 20 600 30 3 2 1 2
Q OVC 17 317 10 200 10
Q ODG 17 517 15 110 4 14 Y
Q OT 17 717 10 50
X 17 316
Q COMBO 18 818 20 600 30 3 2 1 2
Q OVC 18 318 10 200 10
Q ODN 18 618 21 300 8 30 N
Q OVG 18 418 15 150 20
X 18 317
Q COMBO 19 819 20 600 30 3 2 1 2
Q OVC 19 319 10 200 10
Q ODG 19 519 15 110 4 14 Y
Q OT 19 719 10 50
X 19 318
Q COMBO 20 820 20 600 30 3 2 1 2
Q OVC 20 320 10 200 10
Q ODN 20 620 21 300 8 30 N
Q OVG 20 420 15 150 20
X 20 319
Q COMBO 21 821 20 600 30 3 2 1 2
Q OVC 21 321 10 200 10
Q ODG 21 521 15 110 4 14 Y
Q OT 21 721 10 50
X 21 320
Q COMBO 22 822 20 600 30 3 2 1 2
Q OVC 22 322 10 200 10
Q ODN 22 622 21 300 8 30 N
Q OVG 22 422 15 150 20
X 22 321
Q COMBO 23 823 20 600 30 3 2 1 2
Q OVC 23 323 10 200 10
Q ODG 23 523 15 110 4 14 Y
Q OT 23 723 10 50
X 23 322
Q COMBO 24 824 20 600 30 3 2 1 2
Q OVC 24 324 10 200 10
Q ODN 24 624 21 300 8 30 N
Q OVG 24 424 15 150 20
X 24 323
Q COMBO 25 825 20 600 30 3 2 1 2
Q OVC 25 325 10 200 10
Q ODG 25 525 15 110 4 14 Y
Q OT 25 725 10 50
X 25 324
Q COMBO 26 826 20 600 30 3 2 1 2
Q OVC 26 326 10 200 10
Q ODN 26 626 21 300 8 30 N
Q OVG 26 426 15 150 20
X 26 325
Q COMBO 27 827 20 600 30 3 2 1 2
Q OVC 27 327 10 200 10
Q ODG 27 527 15 110 4 14 Y
Q OT 27 727 10 50
X 27 326
Q COMBO 28 828 20 600 30 3 2 1 2
Q OVC 28 328 10 200 10
Q ODN 28 628 21 300 8 30 N
Q OVG 28 428 15 150 20
X 28 327
Q COMBO 29 829 20 600 30 3 2 1 2
Q OVC 29 329 10 200 10
Q ODG 29 529 15 110 4 14 Y
Q OT 29 729 10 50
X 29 328
Q COMBO 30 830 20 600 30 3 2 1 2
Q OVC 30 330 10 200 10
Q ODN 30 630 21 300 8 30 N
Q OVG 30 430 15 150 20
X 30 329
Q COMBO 31 831 20 600 30 3 2 1 2
Q OVC 31 331 10 200 10
Q ODG 31 531 15 110 4 14 Y
Q OT 31 731 10 50
X 31 330
Q COMBO 32 832 20 600 30 3 2 1 2
Q OVC 32 332 10 200 10
Q ODN 32 632 21 300 8 30 N
Q OVG 32 432 15 150 20
X 32 331
Q COMBO 33 833 20 600 30 3 2 1 2
Q OVC 33 333 10 200 10
Q ODG 33 533 15 110 4 14 Y
Q OT 33 733 10 50
X 33 332
Q COMBO 34 834 20 600 30 3 2 1 2
Q OVC 34 334 10 200 10
Q ODN 34 634 21 300 8 30 N
Q OVG 34 434 15 150 20
X 34 333
Q COMBO 35 835 20 600 30 3 2 1 2
Q OVC 35 335 10 200 10
Q ODG 35 535 15 110 4 14 Y
Q OT 35 735 10 50
X 35 334
Q COMBO 36 836 20 600 30 3 2 1 2
Q OVC 36 336 10 200 10
Q ODN 36 636 21 300 8 30 N
Q OVG 36 436 15 150 20
X 36 335
Q COMBO 37 837 20 600 30 3 2 1 2
Q OVC 37 337 10 200 10
Q ODG 37 537 15 110 4 14 Y
Q OT 37 737 10 50
X 37 336
Q COMBO 38 838 20 600 30 3 2 1 2
Q OVC 38 338 10 200 10
Q ODN 38 638 21 300 8 30 N
Q OVG 38 438 15 150 20
X 38 337
Q COMBO 39 839 20 600 30 3 2 1 2
Q OVC 39 339 10 200 10
Q ODG 39 539 15 110 4 14 Y
Q OT 39 739 10 50
X 39 338
Q COMBO 40 840 20 600 30 3 2 1 2
Q OVC 40 340 10 200 10
Q ODN 40 640 21 300 8 30 N
Q OVG 40 440 15 150 20
X 40 339
Q COMBO 41 841 20 600 30 3 2 1 2
Q OVC 41 341 10 200 10
Q ODG 41 541 15 110 4 14 Y
Q OT 41 741 10 50
X 41 340
Q COMBO 42 842 20 600 30 3 2 1 2
Q OVC 42 342 10 200 10
Q ODN 42 642 21 300 8 30 N
Q OVG 42 442 15 150 20
X 42 341
Q COMBO 43 843 20 600 30 3 2 1 2
Q OVC 43 343 10 200 10
Q ODG 43 543 15 110 4 14 Y
Q OT 43 743 10 50
X 43 342
Q COMBO 44 844 20 600 30 3 2 1 2
Q OVC 44 344 10 200 10
Q ODN 44 644 21 300 8 30 N
Q OVG 44 444 15 150 20
X 44 343
Q COMBO 45 845 20 600 30 3 2 1 2
Q OVC 45 345 10 200 10
Q ODG 45 545 15 110 4 14 Y
Q OT 45 745 10 50
X 45 344
Q COMBO 46 846 20 600 30 3 2 1 2
Q OVC 46 346 10 200 10
Q ODN 46 646 21 300 8 30 N
Q OVG 46 446 15 150 20
X 46 345
Q COMBO 47 847 20 600 30 3 2 1 2
Q OVC 47 347 10 200 10
Q ODG 47 547 15 110 4 14 Y
Q OT 47 747 10 50
X 47 346
Q COMBO 48 848 20 600 30 3 2 1 2
Q OVC 48 348 10 200 10
Q ODN 48 648 21 300 8 30 N
Q OVG 48 448 15 150 20
X 48 347
Q COMBO 49 849 20 600 30 3 2 1 2
Q OVC 49 349 10 200 10
Q ODG 49 549 15 110 4 14 Y
Q OT 49 749 10 50
X 49 348
Q COMBO 50 850 20 600 30 3 2 1 2
Q OVC 50 350 10 200 10
Q ODN 50 650 21 300 8 30 N
Q OVG 50 450 15 150 20
X 50 349
Q COMBO 51 851 20 600 30 3 2 1 2
Q OVC 51 351 10 200 10
Q ODG 51 551 15 110 4 14 Y
Q OT 51 751 10 50
X 51 350
Q COMBO 52 852 20 600 30 3 2 1 2
Q OVC 52 352 10 200 10
Q ODN 52 652 21 300 8 30 N
Q OVG 52 452 15 150 20
X 52 351
Q COMBO 53 853 20 600 30 3 2 1 2
Q OVC 53 353 10 200 10
Q ODG 53 553 15 110 4 14 Y
Q OT 53 753 10 50
X 53 352
Q COMBO 54 854 20 600 30 3 2 1 2
Q OVC 54 354 10 200 10
Q ODN 54 654 21 300 8 30 N
Q OVG 54 454 15 150 20
X 54 353
Q COMBO 55 855 20 600 30 3 2 1 2
Q OVC 55 355 10 200 10
Q ODG 55 555 15 110 4 14 Y
Q OT 55 755 10 50
X 55 354
Q COMBO 56 856 20 600 30 3 2 1 2
Q OVC 56 356 10 200 10
Q ODN 56 656 21 300 8 30 N
Q OVG 56 456 15 150 20
X 56 355
Q COMBO 57 857 20 600 30 3 2 1 2
Q OVC 57 357 10 200 10
Q ODG 57 557 15 110 4 14 Y
Q OT 57 757 10 50
X 57 356
Q COMBO 58 858 20 600 30 3 2 1 2
Q OVC 58 358 10 200 10
Q ODN 58 658 21 300 8 30 N
Q OVG 58 458 15 150 20
X 58 357
Q COMBO 59 859 20 600 30 3 2 1 2
Q OVC 59 359 10 200 10
Q ODG 59 559 15 110 4 14 Y
Q OT 59 759 10 50
X 59 358
Q COMBO 60 860 20 600 30 3 2 1 2
Q OVC 60 360 10 200 10
Q ODN 60 660 21 300 8 30 N
Q OVG 60 460 15 150 20
X 60 359