6 4 
4 5
3 0 50
1000 5
1
1 4
20
250
Q OVC 1 1 5 100 3000
Q OVN 1 2 6 120 2800
Q OVG 1 3 7 200 3200
Q OVC 1 4 5 100 3100
Q OVN 1 5 6 120 2900
Q OVC 2 6 5 100 3000
Q OVN 2 7 6 120 2800
Q OVG 2 8 7 200 3200
Q OVC 2 9 5 100 3100
Q OVN 2 10 6 120 2900
Q OVC 3 11 5 100 3000
Q OVN 3 12 6 120 2800
Q OVG 3 13 7 200 3200
Q OVC 3 14 5 100 3100
Q OVN 3 15 6 120 2900
Q OVC 4 16 5 100 3000
Q OVN 4 17 6 120 2800
Q OVG 4 18 7 200 3200
Q OVC 4 19 5 100 3100
Q OVN 4 20 6 120 2900
Q OVC 5 21 5 100 3000
Q OVN 5 22 6 120 2800
Q OVG 5 23 7 200 3200
Q OVC 5 24 5 100 3100
Q OVN 5 25 6 120 2900
Q OVC 6 26 5 100 3000
Q OVN 6 27 6 120 2800
Q OVG 6 28 7 200 3200
Q OVC 6 29 5 100 3100
Q OVN 6 30 6 120 2900
Q OVC 7 31 5 100 3000
Q OVN 7 32 6 120 2800
Q OVG 7 33 7 200 3200
Q OVC 7 34 5 100 3100
Q OVN 7 35 6 120 2900
Q OVC 8 36 5 100 3000
Q OVN 8 37 6 120 2800
Q OVG 8 38 7 200 3200
Q OVC 8 39 5 100 3100
Q OVN 8 40 6 120 2900
Q OVC 9 41 5 100 3000
Q OVN 9 42 6 120 2800
Q OVG 9 43 7 200 3200
Q OVC 9 44 5 100 3100
Q OVN 9 45 6 120 2900
Q OVC 10 46 5 100 3000
Q OVN 10 47 6 120 2800
Q OVG 10 48 7 200 3200
Q OVC 10 49 5 100 3100
Q OVN 10 50 6 120 2900
Q OVC 11 51 5 100 3000
Q OVN 11 52 6 120 2800
Q OVG 11 53 7 200 3200
Q OVC 11 54 5 100 3100
Q OVN 11 55 6 120 2900
Q OVC 12 56 5 100 3000
Q OVN 12 57 6 120 2800
Q OVG 12 58 7 200 3200
Q OVC 12 59 5 100 3100
Q OVN 12 60 6 120 2900
Q OVC 13 61 5 100 3000
Q OVN 13 62 6 120 2800
Q OVG 13 63 7 200 3200
Q OVC 13 64 5 100 3100
Q OVN 13 65 6 120 2900
Q OVC 14 66 5 100 3000
Q OVN 14 67 6 120 2800
Q OVG 14 68 7 200 3200
Q OVC 14 69 5 100 3100
Q OVN 14 70 6 120 2900
Q OVC 15 71 5 100 3000
Q OVN 15 72 6 120 2800
Q OVG 15 73 7 200 3200
Q OVC 15 74 5 100 3100
Q OVN 15 75 6 120 2900
Q OVC 16 76 5 100 3000
Q OVN 16 77 6 120 2800
Q OVG 16 78 7 200 3200
Q OVC 16 79 5 100 3100
Q OVN 16 80 6 120 2900
Q OVC 17 81 5 100 3000
Q OVN 17 82 6 120 2800
Q OVG 17 83 7 200 3200
Q OVC 17 84 5 100 3100
Q OVN 17 85 6 120 2900
Q OVC 18 86 5 100 3000
Q OVN 18 87 6 120 2800
Q OVG 18 88 7 200 3200
Q OVC 18 89 5 100 3100
Q OVN 18 90 6 120 2900
Q OVC 19 91 5 100 3000
Q OVN 19 92 6 120 2800
Q OVG 19 93 7 200 3200
Q OVC 19 94 5 100 3100
Q OVN 19 95 6 120 2900
Q OVC 20 96 5 100 3000
Q OVN 20 97 6 120 2800
Q OVG 20 98 7 200 3200
Q OVC 20 99 5 100 3100
Q OVN 20 100 6 120 2900
Q OVC 21 101 5 100 3000
Q OVN 21 102 6 120 2800
Q OVG 21 103 7 200 3200
Q OVC 21 104 5 100 3100
Q OVN 21 105 6 120 2900
Q OVC 22 106 5 100 3000
Q OVN 22 107 6 120 2800
Q OVG 22 108 7 200 3200
Q OVC 22 109 5 100 3100
Q OVN 22 110 6 120 2900
Q OVC 23 111 5 100 3000
Q OVN 23 112 6 120 2800
Q OVG 23 113 7 200 3200
Q OVC 23 114 5 100 3100
Q OVN 23 115 6 120 2900
Q OVC 24 116 5 100 3000
Q OVN 24 117 6 120 2800
Q OVG 24 118 7 200 3200
Q OVC 24 119 5 100 3100
Q OVN 24 120 6 120 2900
Q OVC 25 121 5 100 3000
Q OVN 25 122 6 120 2800
Q OVG 25 123 7 200 3200
Q OVC 25 124 5 100 3100
Q OVN 25 125 6 120 2900
Q OVC 26 126 5 100 3000
Q OVN 26 127 6 120 2800
Q OVG 26 128 7 200 3200
Q OVC 26 129 5 100 3100
Q OVN 26 130 6 120 2900
Q OVC 27 131 5 100 3000
Q OVN 27 132 6 120 2800
Q OVG 27 133 7 200 3200
Q OVC 27 134 5 100 3100
Q OVN 27 135 6 120 2900
Q OVC 28 136 5 100 3000
Q OVN 28 137 6 120 2800
Q OVG 28 138 7 200 3200
Q OVC 28 139 5 100 3100
Q OVN 28 140 6 120 2900
Q OVC 29 141 5 100 3000
Q OVN 29 142 6 120 2800
Q OVG 29 143 7 200 3200
Q OVC 29 144 5 100 3100
Q OVN 29 145 6 120 2900
Q OVC 30 146 5 100 3000
Q OVN 30 147 6 120 2800
Q OVG 30 148 7 200 3200
Q OVC 30 149 5 100 3100
Q OVN 30 150 6 120 2900
Q OVC 31 151 5 100 3000
Q OVN 31 152 6 120 2800
Q OVG 31 153 7 200 3200
Q OVC 31 154 5 100 3100
Q OVN 31 155 6 120 2900
Q OVC 32 156 5 100 3000
Q OVN 32 157 6 120 2800
Q OVG 32 158 7 200 3200
Q OVC 32 159 5 100 3100
Q OVN 32 160 6 120 2900
Q OVC 33 161 5 100 3000
Q OVN 33 162 6 120 2800
Q OVG 33 163 7 200 3200
Q OVC 33 164 5 100 3100
Q OVN 33 165 6 120 2900
Q OVC 34 166 5 100 3000
Q OVN 34 167 6 120 2800
Q OVG 34 168 7 200 3200
Q OVC 34 169 5 100 3100
Q OVN 34 170 6 120 2900
Q OVC 35 171 5 100 3000
Q OVN 35 172 6 120 2800
Q OVG 35 173 7 200 3200
Q OVC 35 174 5 100 3100
Q OVN 35 175 6 120 2900
Q OVC 36 176 5 100 3000
Q OVN 36 177 6 120 2800
Q OVG 36 178 7 200 3200
Q OVC 36 179 5 100 3100
Q OVN 36 180 6 120 2900
Q OVC 37 181 5 100 3000
Q OVN 37 182 6 120 2800
Q OVG 37 183 7 200 3200
Q OVC 37 184 5 100 3100
Q OVN 37 185 6 120 2900
Q OVC 38 186 5 100 3000
Q OVN 38 187 6 120 2800
Q OVG 38 188 7 200 3200
Q OVC 38 189 5 100 3100
Q OVN 38 190 6 120 2900
Q OVC 39 191 5 100 3000
Q OVN 39 192 6 120 2800
Q OVG 39 193 7 200 3200
Q OVC 39 194 5 100 3100
Q OVN 39 195 6 120 2900
Q OVC 40 196 5 100 3000
Q OVN 40 197 6 120 2800
Q OVG 40 198 7 200 3200
Q OVC 40 199 5 100 3100
Q OVN 40 200 6 120 2900
Q OVC 41 201 5 100 3000
Q OVN 41 202 6 120 2800
Q OVG 41 203 7 200 3200
Q OVC 41 204 5 100 3100
Q OVN 41 205 6 120 2900
Q OVC 42 206 5 100 3000
Q OVN 42 207 6 120 2800
Q OVG 42 208 7 200 3200
Q OVC 42 209 5 100 3100
Q OVN 42 210 6 120 2900
Q OVC 43 211 5 100 3000
Q OVN 43 212 6 120 2800
Q OVG 43 213 7 200 3200
Q OVC 43 214 5 100 3100
Q OVN 43 215 6 120 2900
Q OVC 44 216 5 100 3000
Q OVN 44 217 6 120 2800
Q OVG 44 218 7 200 3200
Q OVC 44 219 5 100 3100
Q OVN 44 220 6 120 2900
Q OVC 45 221 5 100 3000
Q OVN 45 222 6 120 2800
Q OVG 45 223 7 200 3200
Q OVC 45 224 5 100 3100
Q OVN 45 225 6 120 2900
Q OVC 46 226 5 100 3000
Q OVN 46 227 6 120 2800
Q OVG 46 228 7 200 3200
Q OVC 46 229 5 100 3100
Q OVN 46 230 6 120 2900
Q OVC 47 231 5 100 3000
Q OVN 47 232 6 120 2800
Q OVG 47 233 7 200 3200
Q OVC 47 234 5 100 3100
Q OVN 47 235 6 120 2900
Q OVC 48 236 5 100 3000
Q OVN 48 237 6 120 2800
Q OVG 48 238 7 200 3200
Q OVC 48 239 5 100 3100
Q OVN 48 240 6 120 2900
Q OVC 49 241 5 100 3000
Q OVN 49 242 6 120 2800
Q OVG 49 243 7 200 3200
Q OVC 49 244 5 100 3100
Q OVN 49 245 6 120 2900
Q OVC 50 246 5 100 3000
Q OVN 50 247 6 120 2800
Q OVG 50 248 7 200 3200
Q OVC 50 249 5 100 3100
Q OVN 50 250 6 120 2900