================== ORDERS REPORT ==================
TF	ID	TQ	TA	TR	TS	Ti	Tc	Tw	Tserv
593	193	188	188	192	592	400	4	404	1
572	183	172	175	182	571	392	7	399	1
570	179	170	170	182	569	387	12	399	1
568	188	179	179	181	567	386	2	388	1
565	178	170	170	174	564	390	4	394	1
563	175	170	170	174	562	388	4	392	1
561	174	168	168	172	560	388	4	392	1
560	177	170	170	171	559	388	1	389	1
535	169	165	165	169	534	365	4	369	1
533	172	167	167	169	532	363	2	365	1
531	171	166	166	167	530	363	1	364	1
529	167	162	162	163	528	365	1	366	1
528	159	157	157	161	527	366	4	370	1
527	161	158	158	161	526	365	3	368	1
526	164	160	160	161	525	364	1	365	1
524	154	151	151	154	523	369	3	372	1
522	143	140	140	149	521	372	9	381	1
496	130	131	131	149	495	346	18	364	1
494	147	144	144	149	493	344	5	349	1
494	152	148	148	149	493	344	1	345	1
492	144	141	141	143	491	348	2	350	1
492	131	131	131	132	491	359	1	360	1
490	126	125	125	130	489	359	5	364	1
490	128	127	127	130	489	359	3	362	1
489	125	125	125	128	488	360	3	363	1
488	123	121	121	126	487	361	5	366	1
487	124	123	123	126	486	360	3	363	1
486	127	125	125	126	485	359	1	360	1
485	121	118	118	121	484	363	3	366	1
484	122	120	120	121	483	362	1	363	1
483	116	111	111	114	482	368	3	371	1
482	113	107	107	108	481	373	1	374	1
457	103	98	98	103	456	353	5	358	1
455	92	91	91	98	454	356	7	363	1
453	98	95	95	98	452	354	3	357	1
450	100	97	97	98	449	351	1	352	1
449	93	91	91	93	448	355	2	357	1
421	90	90	90	92	420	328	2	330	1
419	89	90	90	91	418	327	1	328	1
417	80	80	80	83	416	333	3	336	1
416	83	82	82	83	415	332	1	333	1
416	70	69	70	77	415	339	7	346	1
415	68	66	70	77	414	341	7	348	1
413	74	73	73	75	412	337	2	339	1
383	73	73	73	74	382	308	1	309	1
383	72	71	71	72	382	310	1	311	1
381	59	62	62	69	380	311	7	318	1
381	62	63	63	64	380	316	1	317	1
380	61	63	63	64	379	315	1	316	1
379	54	58	58	61	378	317	3	320	1
379	56	58	58	60	378	318	2	320	1
378	44	47	47	56	377	321	9	330	1
377	50	52	52	56	376	320	4	324	1
376	52	55	55	56	375	319	1	320	1
374	33	38	38	48	373	325	10	335	1
347	37	41	41	44	346	302	3	305	1
344	39	42	42	44	343	299	2	301	1
344	28	34	34	37	343	306	3	309	1
342	27	34	34	37	341	304	3	307	1
341	24	30	30	32	340	308	2	310	1
341	18	24	24	26	340	314	2	316	1
339	15	22	22	25	338	313	3	316	1
339	14	22	22	25	338	313	3	316	1
337	13	21	21	23	336	313	2	315	1
310	198	194	194	198	309	111	4	115	1
308	168	163	165	169	307	140	4	144	1
306	163	159	165	167	305	144	2	146	1
306	156	151	151	155	305	150	4	154	1
304	150	146	150	152	303	155	2	157	1
304	151	146	146	149	303	154	3	157	1
304	134	134	134	138	303	165	4	169	1
271	139	135	136	138	270	133	2	135	1
271	140	137	137	138	270	132	1	133	1
271	120	118	131	132	270	151	1	152	1
269	108	100	100	103	268	165	3	168	1
269	102	98	99	101	268	168	2	170	1
267	97	93	93	98	266	168	5	173	1
267	101	97	97	98	266	168	1	169	1
251	176	170	170	174	174	0	4	4	40
251	117	113	115	130	130	2	15	17	39
251	105	99	99	103	103	0	4	4	39
251	149	145	145	149	149	0	4	4	38
251	180	170	170	182	200	18	12	30	37
251	195	190	190	198	226	28	8	36	25
240	194	189	189	193	226	33	4	37	14
239	197	192	192	198	238	40	6	46	1
237	200	196	196	198	226	28	2	30	11
237	181	170	170	172	236	64	2	66	1
235	170	166	166	169	234	65	3	68	1
226	162	159	165	167	167	6	2	8	36
226	155	151	151	155	155	0	4	4	36
226	67	66	66	69	91	22	3	25	36
226	66	66	66	67	91	24	1	25	36
226	186	175	175	177	177	0	2	2	35
226	189	180	180	182	182	0	2	2	32
226	191	184	184	185	200	15	1	16	26
221	192	186	186	187	200	13	1	14	21
213	190	182	182	187	200	13	5	18	13
203	160	158	158	164	202	38	6	44	1
201	158	155	155	164	200	36	9	45	1
201	146	144	144	149	200	51	5	56	1
200	53	57	57	59	91	32	2	34	32
200	133	133	133	138	138	0	5	5	31
200	109	101	102	103	103	1	1	2	31
200	64	64	64	65	91	26	1	27	30
200	157	153	153	154	154	0	1	1	29
200	145	142	142	145	145	0	3	3	29
200	112	105	105	110	110	0	5	5	28
200	173	168	168	169	169	0	1	1	27
200	135	134	134	149	149	0	15	15	26
200	185	173	173	174	174	0	1	1	23
200	187	177	177	182	182	0	5	5	18
198	199	195	195	197	197	1	2	3	1
193	196	190	190	192	192	1	2	3	1
190	165	161	161	164	164	0	3	3	18
190	184	173	173	174	174	0	1	1	16
178	182	171	172	177	177	2	5	7	1
169	148	145	145	149	168	19	4	23	1
167	141	138	138	143	166	23	5	28	1
165	166	161	162	164	164	2	2	4	1
165	142	140	140	142	164	22	2	24	1
165	129	129	131	135	164	31	4	35	1
153	136	134	134	135	135	0	1	1	18
152	153	150	150	151	151	1	1	2	1
149	132	131	131	132	132	0	1	1	17
146	138	134	134	135	135	0	1	1	11
143	118	115	131	133	133	16	2	18	10
136	137	134	134	135	135	1	1	2	1
133	99	97	97	98	132	34	1	35	1
133	96	93	93	95	132	37	2	39	1
133	94	93	93	95	132	37	2	39	1
131	119	116	116	130	130	1	14	15	1
131	77	76	76	85	130	45	9	54	1
131	84	84	84	85	130	45	1	46	1
131	115	109	109	130	130	0	21	21	1
129	79	79	79	80	128	48	1	49	1
129	111	104	104	108	128	20	4	24	1
127	60	63	63	69	91	22	6	28	25
127	75	73	73	74	91	17	1	18	21
127	95	93	93	95	95	0	2	2	20
127	71	70	70	77	91	14	7	21	20
127	110	103	104	108	108	1	4	5	14
127	114	107	111	114	114	4	3	7	13
127	88	89	89	103	126	23	14	37	1
104	104	98	98	103	103	1	5	6	1
104	107	99	99	103	103	1	4	5	1
103	65	65	65	69	91	22	4	26	12
102	58	60	60	69	91	22	9	31	11
101	106	99	99	100	100	1	1	2	1
101	86	85	86	87	91	5	1	6	10
96	78	78	78	79	95	16	1	17	1
94	55	58	58	69	93	24	11	35	1
94	38	42	42	44	93	49	2	51	1
94	85	85	86	89	93	5	3	8	1
93	91	91	91	92	92	1	1	2	1
92	63	63	63	85	91	6	22	28	1
91	10	16	16	19	19	0	3	3	37
91	41	45	45	48	48	0	3	3	35
91	36	41	41	43	43	0	2	2	35
91	21	27	27	32	32	0	5	5	35
91	22	27	27	32	32	0	5	5	33
91	8	14	14	16	16	0	2	2	30
91	40	44	44	48	48	0	4	4	25
91	31	36	41	44	44	5	3	8	24
91	51	53	53	56	63	7	3	10	22
91	49	50	50	56	74	18	6	24	17
90	87	87	87	89	89	1	2	3	1
88	42	45	45	56	74	18	11	29	14
88	81	80	80	81	87	6	1	7	1
86	82	81	81	85	85	1	4	5	1
78	76	75	75	77	77	1	2	3	1
74	47	49	49	52	52	0	3	3	22
70	69	67	68	69	69	2	1	3	1
66	35	41	41	48	48	0	7	7	18
63	43	47	47	48	48	0	1	1	15
60	57	58	58	59	59	1	1	2	1
60	34	40	41	42	59	18	1	19	1
58	29	35	41	42	57	21	1	22	1
56	26	32	32	37	55	18	5	23	1
56	25	32	32	37	55	18	5	23	1
56	16	23	23	25	55	30	2	32	1
54	45	49	49	52	53	1	3	4	1
53	48	49	49	52	52	1	3	4	1
52	32	36	38	40	51	13	2	15	1
51	46	49	49	50	50	1	1	2	1
49	19	26	26	37	48	11	11	22	1
47	30	35	35	36	46	10	1	11	1
46	23	29	29	30	30	0	1	1	16
42	12	19	19	26	26	0	7	7	16
39	17	24	24	25	25	0	1	1	14
33	20	27	27	32	32	1	5	6	1
21	4	9	9	19	20	1	10	11	1
20	11	17	17	19	19	0	2	2	1
19	9	16	16	18	18	0	2	2	1
14	5	10	10	13	13	0	3	3	1
14	6	11	11	13	13	0	2	2	1
14	7	12	12	13	13	0	1	1	1
11	3	7	7	10	10	0	3	3	1
8	2	5	5	7	7	1	2	3	1
5	1	3	3	4	4	0	1	1	1

=====================================================
           RESTAURANT SIMULATION REPORT 
=====================================================

------------------ ORDER SUMMARY ------------------
Total Orders     : 200
   -> Dine-in (OD): 60
   -> Takeaway   : 20
   -> Delivery   : 100
   -> Combo      : 20

------------------ RESOURCE SUMMARY ------------------
Total Chefs      : 12
    -> Normal (CN): 8
    -> Special (CS): 4
Total Scooters   : 5
    -> Normal (S): 3
    -> Rescue (SR): 2

------------------ PERFORMANCE STATS ------------------
 Finished Orders : 100%
 Cancelled Orders: 0%
 Overwait Orders : 93.3333%

------------------ TIME ANALYSIS ------------------
Avg Idle Time (Ti)    : 128.09
Avg Cooking Time (Tc)  : 3.725
Avg Wait Time (Tw)     : 131.815
Avg Service Time       : 8.01

------------------ UTILIZATION ------------------
 Scooters Utilization: 7.81457%
 Chefs Utilization   : 14.7903%

=====================================================
               END OF SIMULATION REPORT
=====================================================
