================== ORDERS REPORT ==================
TF	ID	TQ	TA	TR	TS	Ti	Tc	Tw	Tserv
116	60	59	59	66	66	0	7	7	40
116	49	49	49	53	53	0	4	4	40
116	15	16	17	19	19	1	2	3	39
116	10	13	13	16	16	0	3	3	39
116	45	45	45	46	46	0	1	1	37
116	78	72	73	84	84	1	11	12	32
115	95	94	94	98	114	16	4	20	1
113	77	71	71	74	112	38	3	41	1
113	97	95	99	103	112	13	4	17	1
113	100	97	99	103	112	11	4	15	1
113	96	94	99	102	112	15	3	18	1
112	68	63	63	66	66	0	3	3	32
112	81	76	76	80	80	0	4	4	31
112	91	89	89	92	92	0	3	3	20
111	72	65	93	98	110	40	5	45	1
111	75	70	93	98	110	35	5	40	1
111	92	91	93	98	110	14	5	19	1
111	99	95	97	98	110	14	1	15	1
109	87	84	84	92	92	0	8	8	17
109	94	93	93	96	108	12	3	15	1
109	86	82	88	92	108	22	4	26	1
109	93	91	91	92	108	16	1	17	1
109	90	87	87	90	108	18	3	21	1
107	88	85	85	87	106	19	2	21	1
107	89	85	85	86	106	20	1	21	1
107	85	81	81	84	106	22	3	25	1
107	64	61	75	80	106	40	5	45	1
105	83	79	81	92	92	2	11	13	13
105	80	76	78	80	104	26	2	28	1
105	70	63	75	77	104	39	2	41	1
105	79	74	75	77	104	28	2	30	1
103	82	78	78	92	102	10	14	24	1
97	98	95	95	96	96	1	1	2	1
89	59	58	58	60	60	0	2	2	29
83	84	79	79	82	82	1	3	4	1
82	73	67	67	68	81	13	1	14	1
80	71	64	67	74	79	8	7	15	1
80	69	63	67	74	79	9	7	16	1
80	76	71	73	74	79	7	1	8	1
78	51	50	50	57	77	20	7	27	1
78	55	54	54	57	77	20	3	23	1
78	50	50	50	53	77	24	3	27	1
78	47	49	49	50	77	27	1	28	1
76	38	39	39	44	75	31	5	36	1
76	42	42	42	44	75	31	2	33	1
76	65	63	67	69	75	10	2	12	1
76	66	63	67	68	75	11	1	12	1
74	54	53	53	66	73	7	13	20	1
74	74	68	70	72	73	3	2	5	1
72	61	59	59	66	71	5	7	12	1
72	63	61	65	66	71	9	1	10	1
71	67	63	63	64	70	6	1	7	1
71	62	61	61	62	70	8	1	9	1
70	58	56	56	60	69	9	4	13	1
70	57	54	54	57	69	12	3	15	1
69	56	54	54	55	68	13	1	14	1
69	48	49	49	53	68	15	4	19	1
68	46	47	47	52	67	15	5	20	1
68	53	51	51	52	67	15	1	16	1
67	52	50	50	51	66	15	1	16	1
67	33	32	38	46	66	26	8	34	1
66	39	41	43	46	65	21	3	24	1
65	44	45	45	46	46	0	1	1	19
65	43	44	45	46	64	19	1	20	1
65	41	41	41	44	64	20	3	23	1
63	36	36	38	44	62	20	6	26	1
43	40	41	41	42	42	0	1	1	1
42	1	2	2	7	7	0	5	5	35
41	37	37	38	40	40	1	2	3	1
40	34	33	33	37	39	2	4	6	1
38	23	24	31	37	37	7	6	13	1
38	31	30	31	37	37	1	6	7	1
38	35	34	34	37	37	0	3	3	1
38	30	30	35	37	37	5	2	7	1
35	32	32	32	34	34	1	2	3	1
35	22	24	31	34	34	7	3	10	1
33	29	30	31	32	32	1	1	2	1
33	12	13	17	30	32	6	13	19	1
32	24	24	25	30	31	2	5	7	1
31	19	20	22	30	30	2	8	10	1
31	25	26	27	30	30	1	3	4	1
31	28	29	29	30	30	0	1	1	1
30	27	28	28	29	29	0	1	1	1
28	26	26	26	27	27	1	1	2	1
27	21	23	25	26	26	2	1	3	1
26	3	3	3	5	5	0	2	2	21
25	16	18	19	24	24	1	5	6	1
25	20	22	22	24	24	0	2	2	1
22	17	18	18	21	21	1	3	4	1
22	11	13	17	21	21	4	4	8	1
22	14	14	17	21	21	3	4	7	1
20	18	18	18	19	19	0	1	1	1
19	13	14	17	18	18	3	1	4	1
19	6	7	7	16	18	2	9	11	1
18	8	11	12	16	17	2	4	6	1
17	5	6	6	16	16	0	10	10	1
16	9	13	13	15	15	0	2	2	1
12	7	9	9	11	11	0	2	2	1
8	2	3	3	7	7	0	4	4	1
6	4	4	4	5	5	0	1	1	1

=====================================================
           RESTAURANT SIMULATION REPORT 
=====================================================

------------------ ORDER SUMMARY ------------------
Total Orders     : 100
   -> Dine-in (OD): 15
   -> Takeaway   : 5
   -> Delivery   : 75
   -> Combo      : 5

------------------ RESOURCE SUMMARY ------------------
Total Chefs      : 12
    -> Normal (CN): 8
    -> Special (CS): 4
Total Scooters   : 4
    -> Normal (S): 4
    -> Rescue (SR): 0

------------------ PERFORMANCE STATS ------------------
 Finished Orders : 100%
 Cancelled Orders: 0%
 Overwait Orders : 66.6667%

------------------ TIME ANALYSIS ------------------
Avg Idle Time (Ti)    : 9.78
Avg Cooking Time (Tc)  : 3.67
Avg Wait Time (Tw)     : 13.45
Avg Service Time       : 5.29

------------------ UTILIZATION ------------------
 Scooters Utilization: 34.4828%
 Chefs Utilization   : 31.8966%

=====================================================
               END OF SIMULATION REPORT
=====================================================
