================== ORDERS REPORT ==================
TF	ID	TQ	TA	TR	TS	Ti	Tc	Tw	Tserv
86	33	30	43	46	46	13	3	16	40
85	29	28	40	46	46	12	6	18	39
72	21	21	21	24	24	0	3	3	35
72	7	6	6	14	14	0	8	8	30
72	39	35	38	40	40	3	2	5	26
72	45	43	43	44	44	0	1	1	25
72	43	39	43	50	50	4	7	11	22
69	44	41	43	45	68	25	2	27	1
68	46	43	43	44	67	23	1	24	1
67	41	35	63	66	66	28	3	31	1
66	42	37	38	42	65	24	4	28	1
65	37	33	34	37	64	28	3	31	1
65	38	34	34	36	64	28	2	30	1
65	26	24	47	50	64	37	3	40	1
63	22	22	47	49	62	38	2	40	1
63	27	25	59	62	62	34	3	37	1
61	48	45	47	50	50	2	3	5	11
61	23	23	57	58	60	36	1	37	1
61	50	47	47	56	60	4	9	13	1
59	47	43	43	45	58	13	2	15	1
59	40	35	40	42	58	21	2	23	1
57	32	30	38	39	56	25	1	26	1
57	25	24	25	37	56	20	12	32	1
55	31	30	30	37	54	17	7	24	1
53	36	33	34	37	52	16	3	19	1
51	49	47	47	50	50	1	3	4	1
50	28	26	30	33	33	4	3	7	17
41	35	32	32	33	40	7	1	8	1
38	15	17	21	27	27	4	6	10	11
32	30	28	30	31	31	2	1	3	1
32	34	30	30	31	31	0	1	1	1
30	17	17	17	27	29	2	10	12	1
30	24	24	24	27	29	2	3	5	1
27	19	19	21	23	26	5	2	7	1
27	20	19	21	24	26	4	3	7	1
25	14	15	15	20	24	4	5	9	1
23	18	17	17	20	22	2	3	5	1
21	16	17	17	20	20	0	3	3	1
17	13	13	15	16	16	2	1	3	1
15	9	8	8	14	14	1	6	7	1
15	2	1	1	14	14	1	13	14	1
15	4	4	4	14	14	0	10	10	1
15	10	8	8	14	14	0	6	6	1
15	3	3	3	14	14	0	11	11	1
15	12	11	11	14	14	0	3	3	1
12	8	7	7	11	11	1	4	5	1
12	11	10	10	11	11	0	1	1	1
8	6	4	4	7	7	0	3	3	1
7	5	4	4	6	6	1	2	3	1
7	1	1	1	6	6	0	5	5	1

=====================================================
           RESTAURANT SIMULATION REPORT 
=====================================================

------------------ ORDER SUMMARY ------------------
Total Orders     : 50
   -> Dine-in (OD): 10
   -> Takeaway   : 5
   -> Delivery   : 15
   -> Combo      : 20

------------------ RESOURCE SUMMARY ------------------
Total Chefs      : 12
    -> Normal (CN): 8
    -> Special (CS): 4
Total Scooters   : 10
    -> Normal (S): 5
    -> Rescue (SR): 5

------------------ PERFORMANCE STATS ------------------
 Finished Orders : 100%
 Cancelled Orders: 0%
 Overwait Orders : 40%

------------------ TIME ANALYSIS ------------------
Avg Idle Time (Ti)    : 9.88
Avg Cooking Time (Tc)  : 4.04
Avg Wait Time (Tw)     : 13.92
Avg Service Time       : 5.92

------------------ UTILIZATION ------------------
 Scooters Utilization: 8.25581%
 Chefs Utilization   : 34.0116%

=====================================================
               END OF SIMULATION REPORT
=====================================================
