================== ORDERS REPORT ==================
TF	ID	TQ	TA	TR	TS	Ti	Tc	Tw	Tserv
235	53	53	53	55	55	0	2	2	180
231	55	55	55	57	57	0	2	2	174
228	52	52	52	54	54	0	2	2	174
223	54	54	54	56	56	0	2	2	167
220	51	51	51	53	53	0	2	2	167
207	47	47	103	110	175	121	7	128	32
180	21	21	21	102	127	25	81	106	32
180	35	35	103	110	150	108	7	115	30
179	43	43	103	109	150	101	6	107	29
177	37	37	103	109	150	107	6	113	27
176	41	41	103	109	150	103	6	109	26
175	29	29	103	109	150	115	6	121	25
150	9	9	9	102	102	0	93	93	30
150	17	17	17	102	102	0	85	85	29
150	11	11	11	102	102	0	91	91	27
150	25	25	25	102	102	0	77	77	26
150	15	15	15	102	102	0	87	87	26
150	39	39	103	108	127	83	5	88	23
149	49	49	103	108	127	73	5	78	22
149	31	31	103	108	127	91	5	96	22
148	45	45	103	108	127	77	5	82	21
148	33	33	103	108	127	89	5	94	21
147	27	27	103	108	127	95	5	100	20
127	3	3	3	102	102	0	99	99	25
126	50	50	50	102	102	0	52	52	24
125	13	13	13	102	102	0	89	89	23
124	23	23	23	102	102	0	79	79	22
124	5	5	5	102	102	0	97	97	22
123	19	19	19	102	102	0	83	83	21
123	7	7	7	102	102	0	95	95	21
122	1	1	1	102	102	0	101	101	20
88	32	32	32	41	41	0	9	9	28
88	6	6	6	15	15	0	9	9	28
88	40	40	40	50	64	14	10	24	24
65	24	24	24	33	33	0	9	9	24
65	14	14	14	24	24	0	10	10	24
65	44	44	44	47	47	0	3	3	18
65	30	30	30	33	33	0	3	3	18
65	18	18	18	21	21	0	3	3	18
65	4	4	4	7	7	0	3	3	18
65	38	38	38	41	41	0	3	3	17
65	12	12	12	15	15	0	3	3	17
65	42	42	42	45	45	0	3	3	16
65	34	34	34	38	38	0	4	4	16
65	26	26	26	29	29	0	3	3	16
65	16	16	16	19	19	0	3	3	16
65	8	8	8	12	12	0	4	4	16
65	46	46	46	50	50	0	4	4	15
64	28	28	28	31	31	0	3	3	15
64	20	20	20	24	24	0	4	4	15
64	48	48	48	50	50	0	2	2	14
52	36	36	36	38	38	0	2	2	14
38	2	2	2	5	5	0	3	3	15
38	22	22	22	24	24	0	2	2	14
26	10	10	10	12	12	0	2	2	14

=====================================================
           RESTAURANT SIMULATION REPORT 
=====================================================

------------------ ORDER SUMMARY ------------------
Total Orders     : 100
   -> Dine-in (OD): 50
   -> Takeaway   : 0
   -> Delivery   : 50
   -> Combo      : 0

------------------ RESOURCE SUMMARY ------------------
Total Chefs      : 38
    -> Normal (CN): 25
    -> Special (CS): 13
Total Scooters   : 5
    -> Normal (S): 5
    -> Rescue (SR): 0

------------------ PERFORMANCE STATS ------------------
 Finished Orders : 55%
 Cancelled Orders: 45%
 Overwait Orders : -nan(ind)%

------------------ TIME ANALYSIS ------------------
Avg Idle Time (Ti)    : 21.8545
Avg Cooking Time (Tc)  : 25.2909
Avg Wait Time (Tw)     : 47.1455
Avg Service Time       : 35.2364

------------------ UTILIZATION ------------------
 Scooters Utilization: 83.0843%
 Chefs Utilization   : 8.82055%

=====================================================
               END OF SIMULATION REPORT
=====================================================
