================== ORDERS REPORT ==================
TF	ID	TQ	TA	TR	TS	Ti	Tc	Tw	Tserv
571	460	60	560	568	570	502	8	510	1
569	904	5	560	565	565	555	5	560	4
569	458	58	560	568	568	502	8	510	1
560	456	56	551	559	559	495	8	503	1
560	454	54	551	559	559	497	8	505	1
560	452	52	551	559	559	499	8	507	1
560	450	50	551	559	559	501	8	509	1
551	448	48	542	550	550	494	8	502	1
551	446	46	542	550	550	496	8	504	1
551	444	44	542	550	550	498	8	506	1
551	442	42	542	550	550	500	8	508	1
542	440	40	533	541	541	493	8	501	1
542	438	38	533	541	541	495	8	503	1
542	436	36	533	541	541	497	8	505	1
542	434	34	533	541	541	499	8	507	1
535	432	32	524	532	534	494	8	502	1
533	430	30	524	532	532	494	8	502	1
533	428	28	524	532	532	496	8	504	1
533	426	26	524	532	532	498	8	506	1
526	424	24	515	523	525	493	8	501	1
526	422	22	515	523	525	495	8	503	1
524	420	20	515	523	523	495	8	503	1
524	418	18	515	523	523	497	8	505	1
519	660	60	421	430	457	388	9	397	30
519	658	58	418	425	449	384	7	391	30
519	656	56	413	420	444	381	7	388	30
519	654	54	410	417	435	374	7	381	30
519	652	52	405	412	430	371	7	378	30
519	559	59	497	505	505	438	8	446	14
515	416	16	506	514	514	490	8	498	1
515	414	14	506	514	514	492	8	500	1
515	412	12	506	514	514	494	8	502	1
515	410	10	506	514	514	496	8	504	1
510	557	57	488	496	496	431	8	439	14
510	555	55	488	496	496	433	8	441	14
510	553	53	488	496	496	435	8	443	14
510	551	51	488	496	496	437	8	445	14
506	408	8	497	505	505	489	8	497	1
506	406	6	497	505	505	491	8	499	1
506	404	4	497	505	505	493	8	501	1
504	549	49	479	487	490	433	8	441	14
504	547	47	479	487	490	435	8	443	14
501	545	45	479	487	487	434	8	442	14
501	543	43	479	487	487	436	8	444	14
492	541	41	470	478	478	429	8	437	14
492	539	39	470	478	478	431	8	439	14
492	537	37	470	478	478	433	8	441	14
492	535	35	470	478	478	435	8	443	14
490	533	33	461	469	471	430	8	438	14
490	531	31	461	469	471	432	8	440	14
490	529	29	461	469	471	434	8	442	14
490	527	27	461	469	471	436	8	444	14
490	525	25	451	460	471	437	9	446	14
490	909	10	456	460	480	466	4	470	10
483	903	4	456	458	479	473	2	475	4
474	523	23	451	460	460	428	9	437	14
474	521	21	451	460	460	430	9	439	14
474	519	19	451	460	460	432	9	441	14
471	517	17	441	450	457	431	9	440	14
471	515	15	441	450	457	433	9	442	14
471	513	13	441	450	457	435	9	444	14
471	511	11	441	450	457	437	9	446	14
471	509	9	431	440	457	439	9	448	14
471	507	7	431	440	457	441	9	450	14
471	505	5	431	440	457	443	9	452	14
471	503	3	317	430	457	341	113	454	14
467	902	3	431	440	457	445	9	454	10
464	907	8	451	455	457	445	4	449	7
462	360	60	451	455	461	397	4	401	1
460	309	9	451	455	459	446	4	450	1
458	308	8	451	455	457	445	4	449	1
457	650	50	402	409	427	370	7	377	30
457	648	48	397	404	422	367	7	374	30
457	302	2	446	450	450	444	4	448	7
456	307	7	451	455	455	444	4	448	1
456	306	6	451	455	455	445	4	449	1
456	305	5	451	455	455	446	4	450	1
456	304	4	451	455	455	447	4	451	1
451	759	59	446	450	450	388	4	392	1
451	757	57	446	450	450	390	4	394	1
451	755	55	446	450	450	392	4	396	1
451	753	53	446	450	450	394	4	398	1
451	751	51	446	450	450	396	4	400	1
451	749	49	446	450	450	398	4	402	1
451	303	3	446	450	450	443	4	447	1
449	646	46	394	401	419	366	7	373	30
446	747	47	441	445	445	395	4	399	1
446	745	45	441	445	445	397	4	401	1
446	743	43	441	445	445	399	4	403	1
446	741	41	441	445	445	401	4	405	1
446	739	39	441	445	445	403	4	407	1
446	737	37	441	445	445	405	4	409	1
446	735	35	441	445	445	407	4	411	1
446	733	33	441	445	445	409	4	413	1
444	644	44	389	396	414	363	7	370	30
441	731	31	436	440	440	406	4	410	1
441	729	29	436	440	440	408	4	412	1
441	727	27	436	440	440	410	4	414	1
441	725	25	436	440	440	412	4	416	1
441	723	23	436	440	440	414	4	418	1
441	721	21	436	440	440	416	4	420	1
441	719	19	436	440	440	418	4	422	1
441	717	17	436	440	440	420	4	424	1
436	715	15	431	435	435	417	4	421	1
436	713	13	431	435	435	419	4	423	1
436	711	11	431	435	435	421	4	425	1
436	908	9	431	435	435	423	4	427	1
436	709	9	431	435	435	423	4	427	1
436	707	7	431	435	435	425	4	429	1
436	705	5	431	435	435	427	4	431	1
436	703	3	431	435	435	429	4	433	1
435	642	42	386	393	405	356	7	363	30
433	860	60	316	430	432	258	114	372	1
431	901	2	426	430	430	425	4	429	1
431	859	59	312	430	430	253	118	371	1
431	858	58	304	430	430	246	126	372	1
430	640	40	381	388	400	353	7	360	30
427	638	38	378	385	397	352	7	359	30
422	636	36	373	380	392	349	7	356	30
419	634	34	370	377	389	348	7	355	30
414	632	32	365	372	384	345	7	352	30
405	630	30	362	369	375	338	7	345	30
400	628	28	357	364	370	335	7	342	30
397	626	26	354	361	367	334	7	341	30
392	624	24	349	356	362	331	7	338	30
389	622	22	346	353	359	330	7	337	30
384	620	20	341	348	354	327	7	334	30
375	618	18	338	345	345	320	7	327	30
370	616	16	333	340	340	317	7	324	30
367	614	14	330	337	337	316	7	323	30
362	612	12	325	332	332	313	7	320	30
359	610	10	322	329	329	312	7	319	30
354	608	8	317	324	324	309	7	316	30
331	905	6	317	321	321	311	4	315	10
317	857	57	296	316	316	239	20	259	1
316	856	56	295	315	315	239	20	259	1
312	855	55	291	311	311	236	20	256	1
304	854	54	283	303	303	229	20	249	1
297	853	53	275	295	296	223	20	243	1
295	852	52	274	294	294	222	20	242	1
291	851	51	270	290	290	219	20	239	1
283	850	50	262	282	282	212	20	232	1
275	849	49	254	274	274	205	20	225	1
274	848	48	253	273	273	205	20	225	1
270	847	47	249	269	269	202	20	222	1
262	846	46	241	261	261	195	20	215	1
254	845	45	233	253	253	188	20	208	1
253	844	44	232	252	252	188	20	208	1
249	843	43	228	248	248	185	20	205	1
241	842	42	220	240	240	178	20	198	1
234	841	41	212	232	233	172	20	192	1
232	840	40	211	231	231	171	20	191	1
228	839	39	207	227	227	168	20	188	1
220	838	38	199	219	219	161	20	181	1
212	837	37	191	211	211	154	20	174	1
211	836	36	190	210	210	154	20	174	1
207	835	35	186	206	206	151	20	171	1
199	834	34	178	198	198	144	20	164	1
191	833	33	170	190	190	137	20	157	1
190	832	32	169	189	189	137	20	157	1
186	831	31	165	185	185	134	20	154	1
178	830	30	157	177	177	127	20	147	1
170	829	29	149	169	169	120	20	140	1
169	828	28	148	168	168	120	20	140	1
165	827	27	144	164	164	117	20	137	1
157	826	26	136	156	156	110	20	130	1
150	825	25	128	148	149	104	20	124	1
148	824	24	127	147	147	103	20	123	1
144	823	23	123	143	143	100	20	120	1
136	822	22	115	135	135	93	20	113	1
128	821	21	107	127	127	86	20	106	1
127	820	20	106	126	126	86	20	106	1
123	819	19	102	122	122	83	20	103	1
115	818	18	94	114	114	76	20	96	1
107	817	17	86	106	106	69	20	89	1
106	816	16	85	105	105	69	20	89	1
102	815	15	81	101	101	66	20	86	1
94	814	14	73	93	93	59	20	79	1
86	813	13	65	85	85	52	20	72	1
85	812	12	64	84	84	52	20	72	1
81	811	11	60	80	80	49	20	69	1
73	810	10	52	72	72	42	20	62	1
66	809	9	44	64	65	36	20	56	1
64	808	8	43	63	63	35	20	55	1
60	906	7	39	59	59	32	20	52	1
52	807	7	31	51	51	24	20	44	1
47	606	6	10	17	17	4	7	11	30
47	604	4	10	17	17	6	7	13	30
45	806	6	23	43	44	18	20	38	1
43	805	5	22	42	42	17	20	37	1
39	602	2	2	9	9	0	7	7	30
39	804	4	18	38	38	14	20	34	1
31	402	2	2	17	17	0	15	15	14
31	803	3	10	30	30	7	20	27	1
24	802	2	2	22	23	1	20	21	1
23	501	1	1	9	9	0	8	8	14
22	801	1	1	21	21	0	20	20	1
15	201	1	1	5	5	0	4	4	10
12	301	1	1	5	5	0	4	4	7
6	701	1	1	5	5	1	4	5	1

=====================================================
           RESTAURANT SIMULATION REPORT 
=====================================================

------------------ ORDER SUMMARY ------------------
Total Orders     : 250
   -> Dine-in (OD): 62
   -> Takeaway   : 32
   -> Delivery   : 95
   -> Combo      : 61

------------------ RESOURCE SUMMARY ------------------
Total Chefs      : 12
    -> Normal (CN): 8
    -> Special (CS): 4
Total Scooters   : 10
    -> Normal (S): 5
    -> Rescue (SR): 5

------------------ PERFORMANCE STATS ------------------
 Finished Orders : 80%
 Cancelled Orders: 20%
 Overwait Orders : 0%

------------------ TIME ANALYSIS ------------------
Avg Idle Time (Ti)    : 316.725
Avg Cooking Time (Tc)  : 12.665
Avg Wait Time (Tw)     : 329.39
Avg Service Time       : 7.665

------------------ UTILIZATION ------------------
 Scooters Utilization: 5.42088%
 Chefs Utilization   : 78.1285%

=====================================================
               END OF SIMULATION REPORT
=====================================================
