================== ORDERS REPORT ==================
TF	ID	TQ	TA	TR	TS	Ti	Tc	Tw	Tserv
457	143	72	136	141	397	320	5	325	35
457	136	68	133	138	397	324	5	329	35
457	124	62	127	132	397	330	5	335	35
457	119	60	124	129	397	332	5	337	35
457	148	74	139	142	427	350	3	353	30
427	131	66	130	135	397	326	5	331	30
422	139	70	133	138	397	322	5	327	25
422	134	67	133	135	397	328	2	330	25
422	127	64	127	132	397	328	5	333	25
417	146	73	139	141	397	322	2	324	20
417	141	71	136	138	397	324	2	326	20
417	129	65	130	132	397	330	2	332	20
397	71	36	100	105	282	241	5	246	40
397	100	50	115	120	342	287	5	292	35
397	95	48	112	117	342	289	5	294	35
397	112	56	121	126	367	306	5	311	30
397	107	54	118	123	367	308	5	313	30
392	122	61	127	129	367	304	2	306	25
392	115	58	121	126	367	304	5	309	25
387	117	59	124	126	367	306	2	308	20
367	83	42	106	111	312	265	5	270	35
367	76	38	103	108	312	269	5	274	35
367	103	52	115	120	342	285	5	290	25
362	110	55	121	123	342	285	2	287	20
362	105	53	118	120	342	287	2	289	20
342	59	30	94	99	282	247	5	252	35
342	88	44	109	114	312	263	5	268	30
337	98	49	115	117	312	261	2	263	25
337	91	46	109	114	312	261	5	266	25
332	93	47	112	114	312	263	2	265	20
332	79	40	103	108	312	267	5	272	20
327	86	43	109	111	312	267	2	269	15
312	47	24	88	93	262	233	5	238	35
312	64	32	97	102	282	245	5	250	30
312	55	28	91	96	282	249	5	254	30
312	52	26	91	96	282	251	5	256	30
307	74	37	103	105	282	243	2	245	25
307	67	34	97	102	282	243	5	248	25
302	81	41	106	108	282	239	2	241	20
302	69	35	100	102	282	245	2	247	20
302	62	31	97	99	282	249	2	251	20
282	28	14	81	84	192	175	3	178	35
282	23	12	78	81	192	177	3	180	35
282	11	6	6	77	192	115	71	186	35
282	40	20	85	90	237	212	5	217	30
282	57	29	94	96	262	231	2	233	20
262	35	18	82	87	217	194	5	199	30
262	43	22	85	90	237	210	5	215	25
252	50	25	91	93	237	210	2	212	15
237	16	8	12	77	192	119	65	184	30
237	7	4	4	77	192	115	73	188	30
237	45	23	88	90	217	192	2	194	20
217	38	19	85	87	192	171	2	173	25
217	31	16	81	84	192	173	3	176	25
217	19	10	78	81	192	179	3	182	25
217	4	2	2	77	192	115	75	190	25
212	33	17	82	84	192	173	2	175	20
212	26	13	78	80	192	177	2	179	20
212	21	11	78	80	192	179	2	181	20
192	142	71	71	74	162	88	3	91	30
192	135	68	68	71	162	91	3	94	30
192	123	62	62	65	132	67	3	70	30
192	118	59	59	62	132	70	3	73	30
192	99	50	50	53	117	64	3	67	30
192	94	47	47	50	117	67	3	70	30
192	147	74	74	76	162	86	2	88	25
192	130	65	65	68	147	79	3	82	25
192	150	75	75	77	172	95	2	97	20
182	138	69	69	71	162	91	2	93	20
177	145	73	73	74	162	88	1	89	15
177	140	70	70	71	162	91	1	92	15
172	149	75	75	76	162	86	1	87	10
172	144	72	72	73	162	89	1	90	10
162	111	56	56	59	117	58	3	61	25
162	106	53	53	56	117	61	3	64	25
162	87	44	44	47	117	70	3	73	25
162	126	63	63	65	142	77	2	79	20
162	121	61	61	62	132	70	1	71	20
162	137	69	69	70	147	77	1	78	15
162	133	67	67	68	147	79	1	80	15
157	132	66	66	67	147	80	1	81	10
147	114	57	57	59	127	68	2	70	20
147	102	51	51	53	117	64	2	66	20
147	90	45	45	47	117	70	2	72	20
147	128	64	64	65	132	67	1	68	15
142	120	60	60	61	127	66	1	67	15
142	125	63	63	64	132	68	1	69	10
132	116	58	58	59	117	58	1	59	15
132	109	55	55	56	117	61	1	62	15
132	104	52	52	53	117	64	1	65	15
132	101	51	51	52	117	65	1	66	15
132	97	49	49	50	117	67	1	68	15
127	113	57	57	58	117	59	1	60	10
127	108	54	54	55	117	62	1	63	10
127	96	48	48	49	117	68	1	69	10
117	82	41	41	44	87	43	3	46	30
117	75	38	38	41	87	46	3	49	30
117	70	35	35	38	72	34	3	37	30
117	46	23	23	26	57	31	3	34	30
117	80	40	40	41	72	31	1	32	25
117	63	32	32	35	72	37	3	40	25
117	58	29	29	32	72	40	3	43	25
117	51	26	26	29	72	43	3	46	25
117	85	43	43	44	87	43	1	44	20
117	92	46	46	47	102	55	1	56	15
102	66	33	33	35	72	37	2	39	20
102	54	27	27	29	72	43	2	45	20
102	84	42	42	43	87	44	1	45	15
102	78	39	39	41	87	46	2	48	15
97	89	45	45	46	87	41	1	42	10
87	73	37	37	38	72	34	1	35	15
87	68	34	34	35	72	37	1	38	15
87	65	33	33	34	72	38	1	39	15
87	61	31	31	32	72	40	1	41	15
82	77	39	39	40	72	32	1	33	10
82	72	36	36	37	72	35	1	36	10
82	60	30	30	31	72	41	1	42	10
72	27	14	14	17	27	10	3	13	30
72	34	17	17	20	42	22	3	25	25
72	22	11	11	14	27	13	3	16	25
72	15	8	8	11	13	2	3	5	25
72	9	5	5	8	8	0	3	3	25
72	49	25	25	26	42	16	1	17	20
72	42	21	21	23	42	19	2	21	20
72	39	20	20	23	42	19	3	22	20
72	56	28	28	29	57	28	1	29	15
67	53	27	27	28	57	29	1	30	10
57	30	15	15	17	32	15	2	17	20
57	48	24	24	25	42	17	1	18	15
57	44	22	22	23	42	19	1	20	15
57	37	19	19	20	42	22	1	23	15
52	41	21	21	22	42	20	1	21	10
42	18	9	9	11	13	2	2	4	20
42	14	7	9	11	13	4	2	6	20
42	10	5	5	8	8	0	3	3	20
42	6	3	3	5	5	0	2	2	20
42	2	1	1	5	5	0	4	4	20
42	32	16	16	17	27	10	1	11	15
42	29	15	15	16	27	11	1	12	15
42	36	18	18	19	32	13	1	14	10
32	25	13	13	14	17	3	1	4	15
27	20	10	10	11	11	0	1	1	15
27	13	7	7	8	8	0	1	1	15
27	1	1	1	5	5	0	4	4	15
27	8	4	4	5	5	0	1	1	15
27	5	3	3	4	4	0	1	1	15
27	24	12	12	13	17	4	1	5	10
20	17	9	9	10	10	0	1	1	10
17	12	6	6	7	7	0	1	1	10
13	3	2	2	3	3	0	1	1	10

=====================================================
           RESTAURANT SIMULATION REPORT 
=====================================================

------------------ ORDER SUMMARY ------------------
Total Orders     : 150
   -> Dine-in (OD): 150
   -> Takeaway   : 0
   -> Delivery   : 0
   -> Combo      : 0

------------------ RESOURCE SUMMARY ------------------
Total Chefs      : 12
    -> Normal (CN): 8
    -> Special(CS): 4
Total Scooters   : 15

------------------ PERFORMANCE STATS ------------------
 Finished Orders : 100%
 Cancelled Orders: 0%
 Overwait Orders : 0%

------------------ TIME ANALYSIS ------------------
Avg Idle Time (Ti)    : 124.1
Avg Cooking Time (Tc)  : 4.28667
Avg Wait Time (Tw)     : 128.387
Avg Service Time       : 21.6333

------------------ UTILIZATION ------------------
 Scooters Utilization: 0%
 Chefs Utilization   : 11.725%

=====================================================
               END OF SIMULATION REPORT
=====================================================
